-482.503466552 	144.684179156	47.0460568913
-444.012855132 	136.314522611	49.0374478292
-429.444656546 	11.3708861257	-1.93271431775
-420.900948164 	-29.0800115035	-12.3890550256
-407.745664696 	-61.0418952651	-11.5432321412
-406.919963528 	142.351707242	39.5456178325
-405.585888142 	287.318777163	-52.8019676502
-398.965635884 	296.442935072	-34.747792258
-398.620551541 	302.506748304	-39.1356097785
-396.915782201 	83.5905317412	-33.7107733612
-387.853783872 	7.18449752754	-3.65147273192
-387.190671196 	189.555399319	37.2158835165
-383.900848647 	-55.6984117972	-8.84588978878
-382.07129589 	40.2014724428	-54.341994355
-381.427113612 	119.149393421	15.5402101831
-379.871937987 	168.445941614	30.5597574119
-378.394863917 	136.331852479	43.8439764848
-377.271279186 	139.411007244	12.9401118449
-376.813758242 	171.300051827	34.4780984136
-373.399480126 	253.215737929	-60.4424239576
-371.761673102 	80.4485597821	43.5206656346
-371.552664043 	71.8217733926	-37.560859172
-370.858108448 	155.670518845	1.82767027837
-364.428784301 	77.1278699553	-52.955939595
-363.721053766 	257.442428475	-18.3750892995
-363.717444858 	145.093167663	38.9371926464
-363.067322602 	29.8163940725	20.9951747677
-361.064187569 	160.651790651	14.7954507415
-360.861373946 	74.3491925375	48.6061586826
-360.575325125 	185.781996082	27.2605775479
-359.848751127 	220.254696992	-69.0050567617
-359.837935472 	129.061815748	11.8035320171
-356.788312956 	169.936591474	29.6698869835
-356.43486336 	170.676693093	1.0927526398
-354.534533184 	174.589834079	13.3927248576
-354.238594902 	50.9202211627	-34.4027744348
-354.121263307 	175.426555166	40.0119376441
-349.283557815 	230.978464891	-47.5195345689
-347.283531149 	233.974793505	-41.9511707794
-346.1883336 	241.157402776	-20.0849989539
-346.157021349 	305.770384053	-33.7032293367
-346.068309365 	174.239680105	35.0138392537
-344.585808905 	177.153496074	40.6459951627
-342.205858391 	147.146857371	-69.9757361298
-340.917250424 	185.088095328	16.1204220017
-338.266010373 	165.255457405	44.1878107862
-337.519810266 	118.988355395	7.77175864451
-337.066768536 	167.687964759	6.09447496392
-335.262143977 	142.499799692	23.0884061123
-335.099038634 	195.424688756	-72.3034492466
-334.273823518 	154.950781048	16.2056298693
-333.784260646 	74.3219446671	-37.1905277284
-333.674224683 	197.847634435	-68.3792297714
-333.53289963 	135.594201198	39.7360165821
-332.551123697 	158.614260913	22.8004775294
-331.869056547 	121.688386557	33.6991584743
-328.023650513 	32.3103999905	16.0152368429
-327.667638727 	126.483136713	46.7636103694
-327.325682252 	189.914841518	-76.6926121158
-324.920443459 	273.977412607	52.0099092385
-323.465183738 	110.932227164	2.78716686252
-322.839571611 	97.1061067656	5.70737003201
-317.572040432 	113.150272227	-85.378553037
-316.244503088 	130.096496419	12.940488578
-315.136362732 	129.649183507	36.1095648878
-314.509262526 	124.75357829	32.9356622613
-308.081024514 	130.701885817	40.6971192148
-306.86487074 	96.6864116125	11.5113318823
-304.508999299 	160.727173631	45.3112990243
-302.425526946 	176.376145143	55.3557541407
-298.636992441 	119.709054923	48.2936232523
-295.627359453 	90.4307642253	-46.9853673427
-291.641936874 	234.934165712	-71.5693728355
-288.946081953 	138.41012801	38.9355058855
-286.729042887 	177.317345272	-83.6654650632
-286.16126194 	124.40769203	57.3514746201
-285.21988909 	-13.9112573663	81.0376502204
-283.741863301 	111.101656011	-3.72098440907
-282.353286866 	75.3150221209	-52.0198138374
-281.114286582 	105.201528924	13.9455847908
-280.15752309 	236.101378771	49.1544070059
-275.727655896 	96.7987135016	9.43630551579
-274.823680046 	120.683672029	47.1543971249
-274.318227901 	72.913285049	-80.5977116757
-274.216059655 	122.05800439	48.9469620217
-273.542545117 	81.9657503161	-52.1229265071
-273.004244371 	71.081140752	-35.0238520795
-271.092101497 	123.311128051	54.6029951954
-271.041256949 	236.994977932	51.6091518881
-266.011362871 	225.855735126	10.1794887196
-265.669434352 	149.240660038	57.1620245374
-265.182029683 	105.93582655	-7.38896823729
-264.650040252 	131.338764231	-6.52367912508
-262.685519416 	102.859923704	-67.5608144344
-262.164880601 	94.1758333317	-2.15006085389
-262.075319252 	121.644474618	44.3466429916
-258.935096631 	226.961606292	-19.8671677188
-258.216413572 	129.63462087	-90.0758401451
-248.821603857 	86.4895063516	-28.7315695792
-247.826369977 	127.206928068	-59.9620706823
-247.590357285 	40.0807546336	-59.4381177884
-244.139027165 	74.1670092871	-74.2002872412
-244.106538693 	52.5758046	-61.9812708921
-243.76192468 	187.752386587	-47.6262407701
-241.873514329 	116.206845518	54.5375560185
-239.530460413 	120.962748041	-30.7999989367
-239.246202431 	47.9523330225	-58.3077298903
-238.903702417 	76.3706284106	-12.4053886174
-238.024875456 	91.9171829201	-9.4004639511
-236.841417591 	88.9767003479	-55.9481791497
-236.456587829 	95.8795698988	-3.62376176901
-235.638296788 	97.8734026097	-70.0758363232
-234.817200903 	173.944282233	-54.3739835572
-234.483218406 	335.089175404	-39.9340476948
-232.961412202 	113.993646625	54.9446761581
-232.67547391 	12.6493542922	-73.8043430905
-231.6376413 	93.2535285934	-19.11170272
-231.519008435 	9.96162562324	-78.4188894
-231.143037507 	61.7372053478	-14.6555830319
-230.931983349 	337.546373486	-32.1497094987
-230.923593138 	-142.222418702	60.2593319813
-230.584809254 	98.6818000134	-68.4005865083
-229.939421899 	56.5628866524	-50.945557394
-229.860651316 	274.30262853	-38.0607415285
-228.879111342 	84.5725961007	-67.4756025976
-228.139850349 	40.6508786413	-85.8544649322
-226.216452269 	340.724598334	-21.8545879376
-225.55860863 	128.019081073	54.2763042838
-220.121208126 	18.4418462479	-68.7280346285
-219.5661158 	129.982039698	61.333981846
-219.200939223 	246.159349786	-46.3407169558
-216.098928918 	28.805577022	-48.0331930431
-211.42105835 	138.967069401	80.3527220835
-211.044640471 	135.527162005	59.7055846501
-209.801378993 	229.030244856	-61.1759506964
-209.559606314 	32.1207672831	-88.433729007
-208.778800787 	84.0977273474	-81.8755805063
-208.164991164 	17.1966887686	-60.9196133811
-208.051206358 	-54.418392765	62.2635009365
-207.139955728 	109.477297287	65.3149390519
-206.505622656 	6.99706436312	-73.3601146189
-205.16657976 	-107.735601364	-79.2375516808
-205.021373125 	61.8458803144	-4.14331213537
-203.932792801 	-4.89451245591	13.7074835976
-203.816158154 	77.3788215358	-84.3193747431
-203.492472884 	240.275675251	-37.3657125602
-202.472371256 	62.8642280394	-2.48490008973
-202.123811579 	37.8910015077	-76.0387804847
-200.915431085 	91.7956290463	-10.0881988381
-200.618810067 	88.9669995298	-6.46436539076
-199.433276471 	-88.0617770831	-58.7808056492
-198.793910703 	-147.361086053	-71.0475567703
-198.010758992 	179.665067284	-67.0917440552
-197.581774026 	152.688113601	15.4651430221
-197.163077114 	85.8684281969	-8.88720997735
-196.946814552 	-122.115672578	-71.8170699356
-193.490491617 	82.7740376101	-9.93174246231
-193.458103956 	144.803158574	-54.6939900554
-191.791135896 	64.3892676679	-66.6203285121
-191.782518345 	-130.075942852	-78.8252218704
-191.526522044 	4.94040334133	-61.9651290966
-191.330332762 	165.539765787	39.2883030043
-189.36008437 	101.928525867	72.1610508804
-188.823173485 	5.71698428245	-62.025704064
-187.934633451 	79.3291483735	-11.3485086209
-185.869331563 	138.393919071	2.33703869732
-184.686957111 	43.2489397687	-100.352974564
-183.183769389 	155.760806323	-80.6199045189
-181.909869501 	134.850916513	-49.1338224584
-181.178978135 	13.0002929216	-57.4950834029
-180.282591383 	-52.3785724148	43.2740722298
-180.144539272 	137.200274332	-2.38073618673
-179.927100707 	117.783294102	58.7961556412
-179.927100707 	117.783294102	58.7961556412
-178.668061283 	93.4498408554	63.0766205473
-177.867703595 	-144.423483285	-63.9812907846
-176.974738457 	98.0293810414	-96.1074784958
-176.850484123 	145.667322252	-3.04688433518
-176.393075916 	-159.818698975	130.115628311
-176.091668815 	11.4039414385	-78.9616911806
-175.640763469 	281.916384267	-4.90430028222
-175.579382459 	-19.7140254644	-76.0494557887
-174.639537478 	106.063431587	101.821221964
-174.473024043 	96.1541508957	71.776302967
-172.380354036 	-30.8328075514	-93.4486803378
-172.249276901 	31.5568548236	-97.4195949269
-172.066248903 	16.2153593761	-43.3121372673
-171.420922695 	269.056327649	-10.5613884583
-171.402951923 	139.335839008	-74.2263467833
-171.198938691 	-152.269451623	-75.2387256542
-170.974107099 	67.2388985123	-83.1127143582
-170.788715035 	-108.448293744	-62.7479219473
-170.719582928 	28.3658025745	-87.3136220635
-169.03921189 	238.372557155	-41.26132378
-168.035401961 	92.0376005734	3.55176653001
-166.664440047 	140.539933011	-73.1235587665
-166.263060448 	115.266700872	65.3651290394
-166.157354323 	149.780079905	74.3862342185
-165.667820003 	137.116152781	-72.2559770925
-165.147040265 	110.786155693	72.7763659962
-163.631912857 	-7.22587413766	-82.0579931087
-163.619232622 	118.989765591	75.2469620605
-163.156748049 	127.834004386	-69.6383669027
-162.900185327 	-119.972276879	-100.80945413
-162.212666187 	-22.6862753818	-87.8994408469
-160.339207307 	-9.77179549543	-70.674530697
-160.228272777 	337.388438374	-10.7713573704
-160.180933868 	136.49974386	-66.0918986241
-160.025356536 	211.745039515	-8.73050818321
-159.778136414 	-33.6056493613	-80.3780283559
-159.580068174 	82.2309349035	-80.4964191189
-158.167442218 	126.146255677	-68.0230881798
-157.860680284 	126.529930133	12.0678509863
-157.112422874 	-203.728140286	-56.9981273506
-156.293682991 	-190.378128685	-57.104700194
-156.135349526 	5.40022744983	-89.5216632689
-155.864259589 	23.5451793571	-109.001576541
-155.571953072 	-17.1235816854	91.4197760677
-154.224658665 	203.271652011	-107.261284856
-154.06655524 	-29.1140185088	-67.8544362112
-153.682604773 	-141.456872017	-68.0114414399
-153.662285589 	89.4169272482	73.5318152715
-153.102155125 	146.651636149	-68.8683161065
-152.641317436 	-187.335583728	-55.5332562543
-152.247900057 	12.4106964607	-89.7097903862
-151.853273855 	-1.31529042512	7.12354080777
-151.152887434 	-19.8912279502	-62.7274863007
-150.507015602 	138.678479526	-65.8211143854
-149.435770585 	16.5134120605	-93.7231992332
-148.085287758 	71.7719658667	-88.641997996
-147.980837716 	-178.331031849	-52.701462881
-147.758296768 	305.726384127	-16.0521883741
-146.908306066 	144.369363992	85.441563113
-146.803806847 	-20.1054697529	88.9003129441
-146.076321602 	58.4972899868	-78.8975937116
-145.989981766 	-66.369306123	-94.8166999354
-145.876217459 	249.401243674	-13.1450882066
-145.603079331 	-1.67730125779	8.31870082319
-145.504979127 	140.563575113	-115.395710868
-145.379864841 	-69.5758509357	51.2042860737
-143.667506256 	185.392492007	-54.1062064656
-143.634653042 	123.298592348	93.3667702663
-142.819143529 	-93.0907297761	-76.890357441
-142.668405202 	138.538237892	96.2742752949
-141.79377934 	101.207931888	68.3170177504
-140.471386202 	-44.0760233506	90.4409711556
-140.179769234 	-2.53341047271	-83.2429397238
-139.701815747 	-113.085108892	-69.9023278974
-138.717590031 	14.7221869067	-95.9378337246
-138.473451744 	-63.7805573129	97.4504146874
-138.317106974 	-120.91977791	-60.5645966122
-138.191354551 	-48.8869467737	-85.0584310204
-137.053341078 	136.540159684	98.5513591067
-136.345044092 	283.81616513	-12.9648872089
-136.103147087 	-86.8205206502	-96.4918473254
-134.876306282 	-12.7778998551	-75.2000546945
-134.714785906 	-87.0050919749	-74.8138133634
-134.70769344 	-53.5417591653	88.0434713646
-134.171176664 	292.425044135	-67.0752684347
-133.581175812 	-17.5114218427	-84.6320518432
-133.544554106 	149.690544816	-91.8650201127
-133.408717043 	-6.63944861468	-80.6831325206
-133.132574799 	-49.2135578107	86.4241026243
-132.698545361 	-27.3127951688	-83.3444844762
-132.650725767 	72.0488302982	113.587900303
-132.136145331 	118.285765069	-89.0318650212
-131.538746154 	25.3512750415	-83.2279136391
-131.367660732 	117.817076097	97.0500024802
-130.960016082 	-112.779457699	98.6563444685
-130.577646235 	131.542304764	-79.0029089825
-130.56583151 	123.832248551	-83.9169257892
-129.771900325 	136.205976406	90.0255189187
-129.480977994 	308.596138925	-63.170602485
-129.347786353 	270.853750157	-19.0836824794
-129.278123575 	153.839926258	-60.1511148288
-128.827343306 	115.209580799	-103.464935622
-128.81621702 	111.667246591	-106.946829456
-128.641256529 	229.87834255	5.54828555491
-127.425120544 	91.8427778201	86.87711584
-127.013087564 	89.4919801189	-74.4077380666
-125.508332288 	-8.32637539772	-93.0460644392
-125.236283567 	-21.5568190037	-94.5513695625
-125.168011041 	106.042447917	-87.5222947916
-125.046297947 	-38.403360903	-82.9762148168
-123.719732391 	93.0389429526	-104.998224547
-123.557358668 	1.56424517711	-84.938510073
-122.281235718 	-90.0469108892	-74.3621823991
-121.278608995 	-53.1243983588	-93.4099541903
-121.255021392 	-29.9820942445	-77.9816800073
-121.231552558 	82.9690151509	-92.9852495037
-121.059632827 	-56.4493876031	91.4733119613
-121.051730718 	47.3953024102	-87.5930683457
-120.710451725 	-41.0626296869	80.9705334984
-120.553060406 	257.920645977	-8.47136552858
-119.467247408 	-62.2748522518	-84.226053793
-119.102754025 	-107.389448061	-78.2267912846
-118.790477529 	-43.9199426168	-95.7256399382
-118.765293954 	5.21580936437	-80.5655474006
-118.412879076 	130.830867059	-87.9768232046
-118.371861548 	-18.7431995207	108.171336266
-118.013857689 	92.6522850134	-85.9705279108
-117.950665747 	210.90669304	-79.0498310878
-116.537480973 	36.7618378145	-101.136646974
-116.382078067 	90.6855957451	93.7270629784
-114.96173388 	45.306373582	-91.8550909897
-114.473584377 	-23.6837957309	-105.713385101
-114.17991094 	349.219734274	-12.8770904701
-113.792667083 	-0.527560022332	-96.5614889094
-113.184917632 	49.5786462554	-89.5898167331
-112.921013608 	23.6283598363	-98.3177680871
-112.436179227 	-91.4931049158	-82.8685043958
-111.961332893 	-82.0091650673	-82.8480019464
-111.493047503 	-93.660933205	-102.82280629
-110.98952047 	90.1025396184	98.2113868651
-110.860143041 	67.8959857816	-99.0882358404
-110.789107425 	23.5285404407	-87.7731552171
-110.481040943 	-72.9701465861	-97.9448590324
-110.41086809 	291.847531905	-32.4541610183
-110.093738511 	83.9082844622	103.73746678
-109.590042867 	-90.7384708266	-99.2183411754
-109.499887102 	88.6739183053	-94.6867909581
-109.460410149 	117.569417779	94.6534902176
-109.215933502 	-58.754457167	86.0101018771
-109.145023043 	111.383027881	-74.8434279065
-108.976964715 	103.574917184	91.7666580054
-108.65904502 	5.46541528287	-104.604355565
-108.323280722 	10.1353678994	-92.7072724933
-108.073566083 	77.8371220807	-95.3788648901
-108.059397715 	84.1627232083	107.602735163
-107.919613409 	44.9275054051	-89.0631704574
-107.785201091 	36.4883519359	-89.8210129309
-107.431899025 	49.7462369516	-92.5205589156
-107.135558996 	-93.6238195232	-101.043732413
-106.984671603 	-88.4031858039	-100.216420842
-106.802941548 	61.2393469637	-95.729116514
-106.436829174 	11.206814437	-99.852447486
-105.780673074 	90.3916653844	106.733058418
-105.550996195 	-77.9466555794	-86.0239374846
-105.541370471 	62.4979737563	109.046851201
-105.095735896 	168.825363905	-89.2127032641
-104.962968063 	66.0528705126	95.3597649156
-104.946514316 	115.347492768	95.1835316175
-104.790447009 	108.233776756	82.0225817084
-104.667423017 	86.6103948249	98.2439249217
-104.45159022 	127.162623579	100.615725685
-104.346612007 	191.416542936	-71.3845242611
-104.022017645 	271.330802855	-36.3347064652
-103.880389834 	118.561829844	87.6428221286
-103.405067718 	-35.6388758348	108.634877903
-102.916010985 	192.18949771	-69.6598211757
-102.810500432 	213.310803501	-60.6923138093
-102.732502376 	172.300435561	3.30412047682
-102.727341013 	103.657805856	97.8601579365
-102.351642916 	266.585913743	-26.351093836
-102.24331671 	-93.8464032679	-71.1603560349
-101.761063062 	-112.720152652	-75.1642707214
-101.660507991 	312.189413731	-8.86096214071
-101.608092171 	76.3191900677	119.198183129
-101.210773053 	201.040779001	-66.8616511264
-100.848349929 	-25.1499638039	-90.8944495341
-100.707703763 	156.080805348	-82.8679597519
-100.556235353 	4.4713916162	-79.9278989102
-100.447403759 	-29.0695863326	-87.8257549034
-100.444997266 	-85.6571475303	90.4824379481
-100.414813863 	-201.439520849	-29.5676073843
-99.7994624997 	-53.5526453499	-88.8981830182
-99.1858365106 	-33.1193539655	-90.1369561522
-98.9790575894 	-78.3213456322	-78.9090017149
-98.5842986746 	-86.5900107899	-77.6377892812
-98.578890823 	-87.2002068808	-93.1723634581
-98.4644100543 	-87.9266987412	-93.1106392693
-98.0486728764 	-10.2252131001	-95.3610915233
-97.728230297 	-120.790446316	114.534135707
-97.3332818896 	-67.398317899	-90.5371923553
-97.2590590862 	-89.2581639097	-89.5162406527
-97.0781057732 	59.3707906366	98.4255602804
-97.066892931 	76.464933405	100.581615169
-96.6432257801 	49.9674467999	-94.4598821069
-96.5452330393 	187.000346593	-63.8288904913
-96.4463284989 	-67.8073319445	109.377888723
-95.6549775478 	68.919183227	-72.1655174329
-95.3660700836 	66.7262445976	114.899608173
-95.0682496648 	-47.8288812298	-90.4152913223
-94.8440379337 	84.5779618787	104.899029223
-94.4802018001 	51.5363251419	-95.567789262
-94.1393605155 	-202.928853379	-22.3762033573
-94.020963567 	138.71026454	-84.5403645504
-93.8547991524 	97.1810373909	94.2885765578
-93.4411191625 	121.213139097	-90.6459526891
-93.21699661 	-102.331925633	-80.3163570128
-93.1546430112 	43.1172997865	-92.8246987799
-92.6474406803 	100.377937518	101.047878852
-92.5057102759 	-3.59759471951	-91.9962707541
-92.3819170109 	121.278348184	-89.1200885824
-92.3676148324 	-69.9767682167	-98.5759488838
-92.3067965817 	-87.3400164412	85.1338350473
-92.086070135 	143.468977189	101.789510602
-92.0074241872 	80.4179773771	97.1766805219
-91.7495887402 	-94.9123667646	85.6952010927
-91.6378876141 	65.6393109364	91.6622143302
-91.4557625389 	83.0945921365	107.902697446
-91.3096771341 	395.211409272	-6.2198283214
-90.885299567 	24.5729269006	-93.2068880415
-90.2103623863 	82.4288038803	110.412863678
-89.912118027 	107.116673647	95.0613743443
-89.6373649539 	114.338207176	-87.6021424097
-89.4491379046 	71.193940701	-105.686736662
-89.1294706285 	133.31877976	-79.3127663392
-88.6792976859 	220.89028031	10.2497486262
-88.5298995357 	-113.103448189	-81.2914958091
-88.2396530672 	-86.5022044256	-93.3443853875
-87.9924750442 	8.39958857857	-78.7735162439
-85.9178627988 	175.380100807	-58.2632846345
-85.5613524319 	76.6101406172	109.601444135
-84.9325394461 	-118.277359598	-72.2640718212
-84.8645477411 	17.2709467558	-85.8367601857
-84.8604143016 	152.663025684	6.36016152033
-84.4062208568 	171.995366543	101.303884131
-84.3298101457 	109.31535792	-109.184232968
-84.2207300454 	208.72921222	-69.3729973173
-83.5675286125 	39.8336200088	-89.7290129343
-83.4315332326 	101.788275643	-83.3471366727
-83.396068405 	63.0857951206	-98.4954129195
-82.4704046207 	241.460643197	-56.7618332256
-82.4025761559 	92.6823705486	-105.159199952
-81.9698326703 	250.346902891	-1.48213019268
-80.7468295855 	202.50545143	-65.4822141932
-79.6581812393 	217.611717086	-64.2399739583
-79.6207005534 	51.6680858886	-92.7053463119
-79.373488479 	355.537265871	-0.338884154793
-79.234731862 	80.9300673789	-99.2760181813
-78.9888738673 	93.2371974921	100.551651455
-78.9214106681 	123.524066382	-101.20640767
-78.8257923698 	217.914615638	-18.4714278453
-78.5389224203 	107.564636032	-101.814785087
-77.8483880597 	94.1915371331	-100.218931665
-77.6591805696 	147.932742796	-77.6618399279
-77.2289162685 	82.1079538082	98.1689574022
-77.0652856702 	100.50413253	103.39579894
-76.4585233019 	104.631077193	100.899823076
-76.2309570653 	-124.064141617	-60.2724368271
-75.6979197916 	92.2922359239	100.967641488
-74.4721723079 	-124.365502444	-77.2345789272
-74.4478957058 	252.685844637	-37.7054177348
-74.0652533842 	154.076975401	-83.3200983511
-74.0235395128 	-88.4871194067	-104.677908754
-73.7760018786 	82.2803813623	109.406515437
-73.2594332851 	-118.711280029	-70.6560213369
-73.1255191951 	-122.049604776	-62.6707458889
-73.0858296427 	117.131660373	-92.4065706096
-72.1006468334 	89.3943812639	-93.0519052983
-71.9223292705 	187.266082597	-13.0773104239
-71.3155616318 	121.923220905	-0.459769060314
-70.5856099154 	276.697632601	4.60616036823
-69.970492711 	77.7100503229	103.578223768
-69.9055475678 	133.792613448	-82.1993175622
-69.8904604501 	71.484181816	81.3405277002
-69.6456928764 	95.7380722742	-82.4885468563
-69.3809971436 	107.976973734	-79.4504279694
-69.1997343077 	73.0954621239	-87.3021503605
-68.9043470452 	248.959410799	-43.2852632509
-68.7517547055 	238.888495673	-34.2061497382
-68.41194865 	104.506035567	104.548164416
-68.2954526445 	101.885763248	105.459743717
-68.243139743 	124.063327487	6.28845042329
-67.7615541565 	-117.316940376	-93.4724946738
-67.7167421754 	231.966453498	3.94071504419
-67.4447190983 	64.5672053402	-91.375671415
-66.4831854539 	-91.6940815489	-69.9425184733
-66.152865229 	108.501712379	-5.014989321
-65.7472538733 	-85.2044596805	-102.488112732
-65.4727913345 	171.658173025	-10.8727489751
-65.4051814814 	70.8378497859	83.6928115607
-65.0283489706 	71.1839346838	-89.2644918964
-64.9820281488 	122.630254162	89.1577208278
-64.4067545313 	149.46707541	-67.466482612
-64.4032897572 	56.5120136195	-82.0098726539
-64.1423854989 	43.4480712059	-76.7426004799
-63.7975856537 	144.449202032	76.6662215608
-63.6191397455 	-130.251632253	-62.5094514723
-63.3775584078 	90.5331138345	94.5970220681
-63.0879102474 	186.3486812	-40.8795165821
-63.0762207604 	157.86686789	-61.5224941447
-62.3985151364 	-89.1239818324	-98.1759558371
-62.2353839077 	-135.503744685	-62.5585237458
-62.0115047592 	103.666634714	6.25536549592
-61.8387944805 	130.375638208	78.8338827919
-61.6849017181 	173.055446812	-11.7495098559
-61.5185964352 	284.000787016	2.84289906716
-60.8317700475 	247.798518164	17.0895674323
-60.6969728075 	108.660148527	13.4366598023
-60.0002031939 	91.4478710369	96.7092881733
-59.2812358391 	106.325794231	109.512775945
-59.1065148096 	81.4737363721	84.3202261975
-58.9751605079 	162.455108674	-12.2541152211
-58.4864596426 	107.292829348	6.26422544017
-57.2463523484 	160.580343976	-9.99267928753
-57.0120165468 	149.891926202	-12.9067767966
-56.7401355523 	149.995055214	-13.8359997139
-56.7348733483 	184.95401497	5.34606741886
-56.2846809599 	129.926402391	77.9834001209
-56.1193953336 	-181.19149093	-67.1756215678
-55.720402742 	-89.9514989225	-87.3570449389
-55.6697208133 	224.947032512	29.6135352964
-55.4045995248 	82.3843814469	-95.8350511048
-54.9163422749 	87.4900033213	99.8956374642
-54.6832543668 	156.286737213	-9.83960046272
-54.2569226727 	-98.1826576415	-69.4617600149
-53.9280239577 	-156.548940491	-59.7291558865
-53.9190083125 	215.667770021	-47.8972926079
-53.785449525 	84.2721195368	-88.2279129184
-53.7733197277 	71.2450059922	-83.567727736
-53.6371549746 	95.9751025097	96.6077103556
-53.5476201984 	-111.860890121	-86.9219498837
-53.1870149715 	148.388626001	-8.0227147118
-52.5695999519 	-180.226981235	-65.6853567854
-51.7351860179 	92.3011699159	-86.571922609
-51.199635309 	114.892416396	72.4571968066
-50.9469505443 	86.8098959889	-3.44944826477
-50.8089890045 	-101.223836993	-98.5093418598
-50.0384546082 	93.2319070949	-83.9326763493
-49.8571526155 	129.518753666	-10.6682451865
-48.9373070832 	-116.813008208	-82.7421333745
-48.8916229459 	187.180241246	-22.7684784906
-48.7141434854 	-103.424647396	-101.503092484
-48.6529854938 	148.459748184	24.6647823729
-47.8274136793 	225.414963988	3.89675146562
-47.6588797531 	67.6969096635	-75.9634050881
-47.3335702429 	-133.44799915	-89.57392019
-46.9689021144 	134.303275528	-9.35887170322
-45.528032763 	148.853134415	-56.6076445975
-45.5004579179 	116.324608391	-74.9087045293
-45.2106305505 	98.3153899766	-85.341336911
-44.6415916177 	116.656909294	94.8732317915
-44.4834262741 	-116.242742452	-41.7965394133
-44.2663609152 	121.795145188	-71.3936817821
-44.024614318 	148.105518158	84.1877847499
-43.7864872928 	100.850920799	79.3661288587
-43.4232611158 	116.166375349	-70.6185549828
-43.3395256497 	117.1468809	-5.35143681145
-42.8674596144 	128.91474252	-67.1186832021
-42.1602877525 	282.429492707	-12.9293607856
-42.0757248585 	77.7358484249	5.00195854337
-41.9931899203 	76.7730848292	-78.1088573714
-41.7943436479 	98.5272760893	78.0889112243
-41.7468379921 	-106.428036635	-84.8947567348
-41.6435789539 	-104.746522226	-38.7919178418
-40.7956985292 	127.998865779	69.9466559878
-40.6988363272 	131.92789348	-61.9320518102
-40.6246684129 	94.2683688825	102.006709957
-40.2481145855 	108.667445135	10.6722840647
-39.6413094944 	151.408111453	64.4113851042
-39.4469707617 	137.055988011	-58.3157750608
-39.3376171423 	-140.198509007	-47.1584960596
-39.1107922526 	-100.263888169	-36.5914653458
-38.731809329 	-125.783626685	-75.7361364147
-38.6800765259 	98.4880049554	99.5057503157
-37.8663395919 	125.209964	-74.8430419866
-37.37831179 	171.541447656	-46.4592001148
-36.5155974526 	103.705235346	-74.0435465388
-36.1874146366 	-103.214381374	-86.0160090972
-35.0891672824 	136.820800561	36.4312852511
-34.5509525832 	106.723378859	-69.1814740086
-34.4476253584 	-103.807989132	-100.713703261
-34.1251323915 	-122.410369276	-4.97693690659
-33.8101730917 	-96.2263452498	-100.54663425
-32.7129508719 	127.069102299	92.88600297
-32.4397436207 	190.720991349	-31.492929483
-31.883624164 	125.181470388	-61.0698649497
-31.5942838549 	137.313838671	63.4342605247
-30.2525361768 	92.3168531831	-73.0422673563
-29.9038650908 	173.001055803	-52.2420744102
-29.7604192744 	78.3119986404	-74.2969906722
-29.551264582 	96.219917756	96.4259342137
-29.3980751683 	67.8014315529	1.18102571194
-29.1873428755 	-120.070674021	-72.5009837584
-29.1802784604 	-105.409908687	-105.719012519
-28.9144946907 	-133.503672616	-36.5547741859
-28.8011960562 	-84.4861639507	-79.5638338169
-28.2063020386 	-111.865362057	-91.0222413758
-28.0611551241 	72.2118555509	-73.4690470604
-27.4669796733 	113.104571388	-69.7132595024
-27.2965151701 	-129.559264278	-34.7415849075
-27.2781924256 	73.7079403215	-76.2643994966
-27.0812314064 	110.52446022	-63.3412106708
-26.3777024298 	91.9630834517	-62.6756077986
-25.8085391917 	166.070326828	17.6058385107
-25.8014726051 	147.178063786	82.7270990023
-25.7444488336 	141.644704527	93.1199601694
-24.9430215542 	-199.04585606	-33.2502408137
-24.8034917033 	-135.076411105	92.6736341875
-24.5512693148 	-153.422208605	-33.2239411108
-24.3596981551 	133.653413868	67.955679264
-23.6630282552 	140.986532667	93.9984177981
-22.9306984289 	114.11074494	-58.2619023167
-22.7257496378 	-149.540191101	-31.0782305076
-22.6095575464 	-88.9401067321	-91.0123468721
-22.1439293268 	250.938073645	-2.98529968771
-22.0560045316 	161.515055526	-42.4788876751
-21.46037287 	-121.689441367	-66.3738500366
-21.2078451758 	190.412823976	17.3996158417
-21.1488532904 	133.053772704	76.5382475363
-21.0519214535 	-114.986696202	-98.9548861057
-20.5901790534 	144.149625656	98.4020444142
-20.2875264018 	-146.140622837	-28.2406462952
-19.1089675793 	-98.1300772948	-90.5420580765
-18.149235966 	141.46028625	-48.3764927341
-17.7649347738 	-103.049157512	-76.8290951331
-16.7655287153 	-92.6438527952	-56.1219932332
-16.3238088651 	187.026364099	-41.107854467
-16.1113122079 	-106.409242833	-67.487158322
-15.6689944417 	256.795543533	-8.29356113389
-15.2836637828 	102.160241539	100.924287292
-15.0097762935 	183.106311707	-40.0086272707
-14.8319892588 	-88.0195028843	-52.6072640804
-14.8049820542 	129.563071532	73.6054178703
-14.7762849124 	236.332730052	-25.6268286794
-14.4445275003 	-114.458771303	-58.1607136175
-14.3395629358 	-100.309066011	-63.0890735334
-14.1158076556 	145.57872271	-40.1203510304
-13.9949965822 	182.774055092	40.045519984
-12.8573859722 	169.993762693	-39.552358896
-12.4746202695 	157.971390117	-37.7955985043
-12.1457535426 	146.079651931	13.9066319779
-11.5135335315 	-72.9980786723	-20.3548791512
-11.136997367 	-57.3776985139	-15.7672911028
-10.8858027636 	-254.923732025	-16.7082232506
-10.6097299953 	132.371419325	89.5273418606
-10.0157819781 	-57.5840004556	-15.0019370182
-9.9691500128 	-82.1879336967	-81.9208930531
-9.92928784868 	-57.598977768	-15.6052348716
-9.80554543728 	220.674645663	-1.28858799561
-9.63943258502 	-246.127260912	-12.5300286975
-9.32358513026 	-146.286892091	-45.8576227647
-9.19220984899 	144.004676379	64.3819415882
-9.01726723954 	-120.932722749	-56.3808263712
-8.39707601527 	160.1482085	-26.0679104286
-8.25183123351 	134.850971942	-31.5844081093
-7.8331006759 	205.495512692	0.823139879182
-7.11333603852 	157.472039863	-22.0444956018
-7.06073203764 	-131.022288092	-54.0383828313
-6.87587789228 	159.951080223	41.6723853417
-6.76776984406 	113.057577502	73.2655152022
-5.89624695124 	-147.424216608	-34.7880332978
-5.48391156763 	172.74159489	2.38522540821
-5.38423572116 	-106.889668819	-86.5858453214
-4.57093096862 	89.143296907	74.8332891561
-4.36756222818 	-107.533370362	-46.9205806579
-4.14001103832 	-112.644937282	98.4371364379
-4.04390047177 	-128.282487076	-75.8463154998
-3.79167514644 	-95.5961040158	-83.8476755397
-3.71438050338 	-183.6829283	-48.2191223228
-3.18190379036 	130.771825127	82.7333633594
-3.17358344824 	-195.269012583	-48.4650934368
-2.78599594155 	177.323775471	-24.9432666079
-2.46199020315 	259.344384266	-14.3345095093
-1.92496230957 	-151.846769111	-41.0428624487
-1.76594771838 	151.848701668	-20.8078395517
-1.27886350367 	-172.823888393	-48.7288229585
-1.10071098255 	-110.506778279	-87.7523331828
-0.573845616002 	0.818963496741	0.334330974618
-0.566474413798 	0.824079327803	0.339244309202
-0.556159566013 	0.831075530341	0.331958472802
-0.54027586286 	0.841487963082	0.32708232751
-0.125782389134 	-0.99205785647	-0.310503560559
-0.113031708601 	-0.993591381228	-0.319553258317
-0.111478298243 	-0.993766868547	-0.306625921326
-0.0958035361873 	-0.995400262434	-0.297867414028
-0.0933225488682 	-0.995635928376	-0.294911323192
-0.0930964700667 	-0.995657093211	-0.295096432921
-0.0876408262769 	-0.996152139771	-0.281871944076
-0.0876408262769 	-0.996152139771	-0.281871944076
-0.0873831608319 	-0.99617477543	-0.292969507227
-0.0835562720611 	-0.996503060406	-0.363738362733
-0.0831132829727 	-0.996540105662	-0.353678917594
-0.0814601476046 	-0.996676599681	-0.359341812755
-0.0794332555473 	-0.996840186747	-0.361829101926
-0.0763647215565 	-0.997079951309	-0.335716765983
-0.0758851045794 	-0.997116568362	-0.331955509355
-0.0736395832604 	-0.997284920059	-0.359505659641
-0.0637730864043 	-0.997964424942	-0.346214974869
-0.0625003187974 	-0.998044943953	-0.340837872439
-0.0597131856895 	-0.998215575642	-0.346295205699
-0.0550094313515 	-0.998485834883	-0.351079886118
-0.0534243893078 	-0.998571897575	-0.348266776307
-0.0495691945072 	-0.998770691879	-0.334417823683
-0.0464831790411 	-0.998919072831	-0.361528725385
-0.0459742621129 	-0.99894262459	-0.324426610722
-0.0450569960422 	-0.99898441785	-0.331045082252
-0.0449426184258 	-0.99898957004	-0.336790102925
-0.0436737897449 	-0.999045844839	-0.333395687076
-0.0386157544805 	-0.999254133595	-0.331112275698
-0.0352881165288 	-0.999377180464	-0.325105057744
-0.0317125506122 	-0.999497030578	-0.32005911589
-0.0293147132036 	-0.999570231444	-0.334941982994
-0.0269468903332 	-0.999636866618	-0.341342704374
-0.0218044155499 	-0.99976225547	-0.326614207865
-0.021013962635 	-0.999779182307	-0.33811990742
-0.0202444362475 	-0.9997950604	-0.316799960225
-0.0169901372859 	-0.9998556572	-0.333884841508
-0.0137492706111 	-0.999905474311	-0.320132531248
0.0667212830411 	0.997771652428	0.210751914759
0.084736277999 	0.99640341388	0.231397629411
0.0889069873224 	0.996039932736	0.235618940566
0.0965929356389 	0.995323969763	0.239337120639
0.109625712637 	0.993972938831	0.230309602169
0.111458005151 	0.993769144765	0.229297734872
0.112903380995 	0.99360597148	0.267448264919
0.115492283283 	0.993308377344	0.269302235051
0.117469454511 	0.993076496176	0.272183848848
0.117977626676 	0.993016253444	0.229101175882
0.11932815338 	0.99285486946	0.245929822554
0.119471286264 	0.992837656296	0.238423792853
0.119604019867 	0.992821675041	0.250037140847
0.122069250641 	0.992521585684	0.252218491399
0.122078431703 	0.992520456471	0.231407986952
0.122871601349 	-0.992422576115	-0.100289996434
0.126839897869 	0.991923202828	0.256796460689
0.136154598198 	0.990687602319	0.241757115972
0.143826494629 	0.989602920086	0.243911908014
0.145725611607 	0.989325045737	0.256284480727
0.149636641568 	0.988741055838	0.251581889221
0.157333728101 	0.987545491611	0.273293941771
0.15760122381 	0.987502837593	0.262949545746
0.161158395083 	0.986928554503	0.258323031404
0.16243567706 	0.986719134718	0.275070406951
0.16892135006 	0.985629533595	0.275750767646
0.170193676421 	0.985410631415	0.260396999713
0.17552996049 	0.984474089537	0.281331686465
0.203786993218 	0.979015250849	0.283045933959
0.318355843907 	-122.657556857	-92.7344916125
0.480462606793 	-143.294864515	-42.4750185659
0.550265055166 	81.7788687381	68.6887024448
1.08475948278 	115.876432706	8.16674922723
2.56492877697 	-128.737901165	101.041458721
2.89738694016 	124.429721268	82.4325813161
5.13683569461 	-111.509194744	-85.9396241046
5.33361992703 	204.088367817	40.48693282
5.69355964687 	45.8320582504	14.1710701505
6.04156909117 	51.4309758392	15.5994100872
6.28533839021 	-96.9438592593	-88.9574498757
6.45871508373 	-167.447795083	-42.709233329
6.52749245645 	60.0136163098	17.676717129
6.61253013169 	-104.359935879	99.7590729265
6.61529650532 	73.6037960731	23.5911586203
6.71231823915 	-292.148380014	8.66418534485
6.71320446668 	65.1595315016	18.8102489427
6.90890231363 	70.9801713495	20.0728749228
7.24361756995 	-114.618448253	-90.30801919
7.32662722257 	161.004424375	36.3672218096
7.49773347473 	138.938792134	76.1716002451
8.45592003118 	98.2170792286	26.6136842296
9.77910312696 	140.561937255	35.5726613986
10.5315776808 	-183.418375969	12.1519405966
10.9120201145 	67.6571315984	20.3331157641
11.133991102 	73.0569311316	21.3259019361
11.7527062583 	-285.316985316	10.4384877264
11.7792764399 	-191.227782704	-30.7461419212
12.6383619224 	90.8944799528	25.1779242272
13.0154234638 	-194.860610846	-10.2022868749
13.2235056517 	-281.795998753	17.6575684096
13.2509645022 	-290.285026608	14.4128408391
13.2573039043 	65.7279415225	-66.9492532299
14.9271516555 	-125.332626105	-95.7152000402
15.4063277823 	-288.519490209	14.3007991924
15.7440109232 	-139.315871282	-65.8984110919
16.4084014345 	-109.287345895	-95.9641901833
16.7491225963 	-233.691477749	15.488612045
17.4842480202 	-238.606134421	-10.817409426
17.5115508703 	-126.295282171	-86.2313584691
19.1702026524 	-88.0492502384	-89.1285388088
19.3899573523 	-192.486007442	27.2986208358
19.9008598302 	105.766048992	29.460110403
20.878231072 	-247.706714902	-31.9667476816
21.1472349412 	177.401079803	27.8717731968
21.2492034812 	-225.442768032	-50.388532236
21.4249790702 	131.844371638	33.8254656626
22.0055925783 	111.645883474	32.0482643082
22.588806184 	153.433396466	56.4680674473
22.8699640212 	217.393159279	42.431737313
23.1751044281 	121.37455367	39.936125856
23.4255540833 	101.262795629	97.994006228
23.4340906237 	95.0221244314	96.4613535604
23.8597557543 	-260.315037372	-6.64751997209
24.5343685036 	-216.625421198	35.7077622208
24.9025954997 	135.058175521	96.7167049472
25.6241464043 	149.984977781	53.3046534544
25.8014756249 	-95.8704324099	-89.967852185
25.9963326286 	-227.638426449	-15.8620306239
26.0399672481 	-230.265510568	-0.213873535504
26.3748484898 	-108.466838069	-84.7242841413
26.4336754005 	-320.648673613	18.2464124607
27.0610450128 	135.384874337	55.956787526
27.155637439 	139.663950033	84.8614767244
27.5399709725 	-315.063875596	9.88381444853
27.9463121717 	-151.666881289	40.2910257153
30.0957858067 	-73.782108058	-79.2694183791
31.1971680495 	-162.611620871	61.8660123958
32.0411616374 	-89.3443395909	-86.7043861166
32.0536774635 	-169.830190638	78.4037936622
32.2762825227 	-84.133279526	-87.9802468877
32.7834681109 	-192.523513176	46.5518044568
32.7834681109 	-192.523513176	46.5518044568
33.0367598297 	136.973944832	30.4694346625
33.5256936806 	-101.638669599	-83.7324655064
33.7212832773 	-98.3147263478	91.7737528261
33.7688369787 	-215.379140113	-12.7617798354
34.0680748999 	-112.867598623	-76.1512231778
34.4195050955 	103.817316328	107.980978124
34.8366305376 	-163.405795156	-68.5923152704
34.967229551 	-104.834404982	93.3441745802
35.6160544364 	-112.38872369	93.5787547436
35.8370846775 	-115.852224415	93.1920325857
35.8999156724 	-191.966806927	58.7020926765
36.12052689 	-180.134733765	67.6643958047
36.2671657561 	-108.970415083	-80.0426481765
36.3421035158 	-165.085355842	73.6649220737
36.450258145 	113.663584994	103.605384055
36.554191745 	-136.794102267	-80.8307093992
36.7278403453 	-276.135071926	28.025753479
36.9490993686 	185.062789503	67.1551225956
37.0698043199 	152.058144274	50.0539042954
38.5893005418 	-183.728586474	68.198035943
38.9541926797 	-244.370373589	-10.0884804886
39.1085344136 	-106.293654915	-80.9833877588
39.1085344136 	-106.293654915	-80.9833877588
40.0993527998 	131.731847247	84.8711277899
41.5350991895 	-110.865398364	-78.246863153
41.7476151485 	133.47399511	94.3370491779
41.8962036312 	-85.1689801353	-86.2561813035
41.996344014 	-148.089186599	-44.2060373423
42.426605558 	-154.374897254	-62.035911855
42.4326010253 	136.161234286	63.6591189411
42.6353635503 	114.024844733	53.8197514719
42.7052222945 	-135.000367918	92.1518765872
42.7908935417 	-222.362113986	16.4348536325
42.8416014098 	-204.433331038	48.907468282
43.1401052891 	-115.792050934	95.0944537612
43.2726200183 	-59.9062709654	-24.1698711547
43.2726200183 	-59.9062709654	-24.1698711547
43.322397097 	-243.633902659	63.3314173027
43.322397097 	-243.633902659	63.3314173027
44.8182079957 	-71.9175674935	-76.8122886887
45.293514441 	-137.353438585	80.1841674235
45.6061332687 	-195.349655098	84.4634236334
46.2578860514 	-112.603940515	-82.8061851825
46.2578860514 	-112.603940515	-82.8061851825
47.0953106385 	112.256274467	82.9344770979
47.5321432217 	-234.476612209	73.5105957782
47.5321432217 	-234.476612209	73.5105957782
47.5631653075 	-263.107473069	64.7681312399
47.5631653075 	-263.107473069	64.7681312399
47.580261608 	-96.5329997806	-92.1296071622
47.9337072497 	-107.168234498	-89.9417816026
48.0487838303 	124.632589772	86.2934037199
48.8790398714 	-177.098995572	-38.9921630062
49.0909578517 	-266.726451831	57.0091489721
49.3567330904 	-242.483445855	4.80077879287
49.4070305823 	-103.095445066	-70.5114619381
49.4070305823 	-103.095445066	-70.5114619381
49.4126378548 	-288.017573043	22.3604178474
50.2177406854 	128.606154117	66.8277659051
50.5882770964 	-303.499029345	40.0155478303
51.0708373628 	-192.194918695	-61.043794996
51.5851508798 	117.523282077	60.460730868
51.6391834772 	-107.078449956	-80.2414103448
51.6391834772 	-107.078449956	-80.2414103448
51.7619518594 	121.437410787	93.4634065759
52.2170511731 	-107.337837874	78.4330056732
53.5548974487 	-103.3390149	-67.1569364926
53.5548974487 	-103.3390149	-67.1569364926
53.6875838469 	-185.861445297	-60.8708422355
53.7801142041 	-76.3243962038	-30.4312162762
53.7801142041 	-76.3243962038	-30.4312162762
54.1186159293 	116.378370118	65.8868915189
54.1496776628 	-106.375957254	101.821055927
54.4007899646 	-263.750948645	50.0999758154
55.459169779 	-231.475299461	-27.6918585078
55.6194497596 	72.9932290449	86.8603727915
56.4132463018 	-210.585027931	28.4359522848
56.5336348469 	115.2245536	86.5662699665
57.4318155242 	-105.189313622	-65.7911521625
57.4318155242 	-105.189313622	-65.7911521625
57.899315338 	-76.162071839	94.0265427552
58.5370684435 	-206.930127232	70.838226017
58.5630465556 	-81.0248991974	-75.9215195589
58.6216532658 	-107.219023309	-83.3056809459
58.6216532658 	-107.219023309	-83.3056809459
58.770980882 	-68.3091424587	-74.169875831
58.844813797 	-93.5427576005	104.635131381
59.3601928 	-215.681956229	74.75010381
59.7033669669 	-106.620472536	-42.3300400938
61.3505815505 	107.26124131	90.9485219273
62.1461411271 	-99.0100037538	-70.4216047404
62.1461411271 	-99.0100037538	-70.4216047404
62.386813098 	109.222504789	68.5736882494
63.0795696327 	-70.9225983094	-64.5987530649
63.3920519082 	110.137509151	90.7114424175
64.0751106955 	106.703001716	74.8323216718
64.3921313538 	117.028293505	91.6954708955
65.5708963683 	-112.251030061	-65.8632136496
65.5708963683 	-112.251030061	-65.8632136496
66.2755695935 	-78.3864652251	101.647848694
66.6079516979 	94.8256564991	93.6835407568
66.6296258167 	-300.385298502	-26.5205059787
66.7092286475 	-326.669783045	33.5158317218
67.0177968659 	118.603139435	91.9338655687
67.8571442158 	62.9734634611	87.9891943564
68.1943676996 	108.234253604	89.5440155578
68.2203711355 	-110.17962181	-60.3824369698
68.2203711355 	-110.17962181	-60.3824369698
68.5473807572 	101.161622082	86.3373423816
68.5816260789 	110.91590311	83.7535709309
69.0688425963 	-83.303133215	-70.2275599658
69.5924299016 	98.157100772	83.8198181791
70.5179463333 	-206.290396267	-20.4244566658
70.6493829159 	86.4254145903	101.01672222
70.6892446012 	-141.204584205	-48.304962569
73.2580985329 	84.9523332158	81.2606639501
74.1404637798 	63.8870281459	91.5866039695
74.821399876 	-153.447385153	-18.4456351219
75.1676413834 	-104.031607265	-44.1748969008
75.1676413834 	-104.031607265	-44.1748969008
75.1927788544 	93.3233686854	91.2223518739
75.2823895993 	12.531627124	72.069955591
75.6354368466 	-71.2894876943	-62.8700679172
75.8607531307 	-113.151384945	-65.2590299156
75.8607531307 	-113.151384945	-65.2590299156
75.9063271178 	-108.002656923	26.486516791
75.9597489603 	-118.259348853	-61.6145516685
75.9597489603 	-118.259348853	-61.6145516685
77.4319100382 	42.6324765939	84.1036551489
77.878913259 	102.017765565	80.611112271
78.7634526073 	-217.937155586	-14.8534569545
78.8401743094 	-111.095979654	-70.3130368331
78.8401743094 	-111.095979654	-70.3130368331
79.3089620125 	-92.3554437265	-75.4323497703
79.5305090095 	-202.986222398	-29.7920091884
79.9911043544 	90.5186229431	90.086121937
81.0943681332 	104.663299001	97.6939368215
82.0981613863 	-85.300603257	-72.0535938648
82.211879187 	-149.346572271	-63.1800276636
82.3903257719 	-108.020665393	-40.3448112289
82.3903257719 	-108.020665393	-40.3448112289
83.4130809749 	-144.192166471	-34.005665869
83.4915424945 	-19.2497726422	75.866298931
84.5722765251 	-228.879229427	31.171979476
84.9076202161 	-228.755038522	-12.0132245297
85.7118430701 	-111.394061829	-75.5632598578
86.647564006 	-219.033377734	-2.80490220943
87.1229837515 	-199.845175196	18.8040036767
87.5894281121 	-227.741660007	-7.01052760216
87.8468984676 	-214.436955027	-25.6369533462
88.1714775377 	-199.384801065	33.4847719791
88.7070459546 	78.4051083605	91.8986278904
89.0073662195 	80.2551798534	88.1193248155
90.0357285641 	45.001304351	64.0696935293
90.4638405971 	-231.540084401	-4.82004294553
91.1373912728 	-51.2708268258	83.6902596067
91.7394450837 	-116.359193167	-63.4701704962
91.7394450837 	-116.359193167	-63.4701704962
92.782652047 	-37.2296144346	75.1687764351
92.8692039438 	-99.66644741	78.6228568682
93.1347028832 	-71.4744562414	4.22087015874
93.9532270117 	-248.227451399	-10.1013690928
94.1558989619 	-267.771365134	-22.3998014486
95.192467077 	79.4896256088	93.8902524299
95.7119191197 	-69.6816299855	-50.6986196079
96.2282813126 	-114.311925555	-68.6110888222
96.8662227027 	-64.5291712375	77.4660163864
97.2571040948 	69.203233853	78.7568690991
97.3835570331 	-127.414294295	-53.9772674777
97.3835570331 	-127.414294295	-53.9772674777
97.6820116473 	-31.5454221079	89.0730666174
98.0893789807 	-275.271147948	-37.4849072197
99.9003944885 	-218.718159591	28.4104333864
99.9592029821 	-1.68001517981	81.7593480829
100.110858352 	-208.993065176	35.1979558315
100.305698489 	-234.613249204	-21.549000172
101.461193834 	-59.0618059485	72.9404005537
102.583359535 	-85.5489474354	-63.3598288081
102.666686486 	-124.928177292	-63.1469109449
102.666686486 	-124.928177292	-63.1469109449
103.230124128 	49.1250133525	95.1390428431
103.262434639 	-188.635986839	54.8920837144
103.271474659 	-37.7248885651	78.5258057607
103.802313139 	23.4660128912	70.0662284788
103.825006999 	-233.077192735	-14.836701378
103.826366495 	-46.5739736524	83.377587773
104.046723447 	-10.4403597296	83.7387310175
104.62769976 	-29.8278941912	96.4235876087
104.809360911 	-125.193412009	-34.6045505691
104.809360911 	-125.193412009	-34.6045505691
105.09738104 	52.3183646034	77.100303258
105.126724266 	-81.7733765039	-52.4302229388
106.52483792 	66.0631276584	86.6059734887
106.589215515 	9.65041089611	98.6708434355
106.688526717 	-91.5025426979	-58.9074500485
107.018776432 	-179.374945691	-40.5641240399
107.825315208 	-109.853545679	-63.3261918668
108.133770228 	-77.753462919	78.8916106798
108.179985894 	19.6279226502	58.2251217871
108.958205546 	-218.32608883	44.3602506457
109.720305192 	58.7588717929	65.8793871982
110.691545069 	-283.902104269	-22.860621563
115.162913721 	-131.31942975	-57.652878312
115.162913721 	-131.31942975	-57.652878312
115.286794341 	-138.447649677	56.898997892
115.72367791 	-81.5896177222	73.5979876306
116.083673483 	-191.224787836	-28.5484972353
116.978408173 	-195.45675471	-41.2523028698
117.246481997 	-107.819407601	-48.8862586015
117.318120479 	-123.032581904	-57.9366094585
117.577246261 	-8.67869275951	73.0066928945
118.371707401 	-105.350439645	-56.3530407977
118.547633453 	-159.667078022	-23.9659375771
118.929829859 	-56.3681591483	64.6813330414
119.140535216 	19.9431879031	78.0766754132
119.565635016 	-37.628936379	84.8525406352
120.872183286 	-86.2477231938	-35.3682924821
120.965493055 	-204.997276234	-22.8826217728
122.048194253 	39.7113069662	93.2259508058
122.196694691 	-0.620481826495	80.5159998678
122.413435382 	-53.4501534034	42.979674256
122.582111736 	-11.4346763103	50.3917148973
122.678499757 	-235.359431915	-34.6526753328
122.904030127 	24.6267600059	101.994226053
124.761135925 	-12.1052423617	94.8918849084
125.265894141 	-174.800233705	45.254253062
125.753943216 	-21.0499044671	45.728249239
126.499504674 	6.1655679591	72.8985714426
126.613107304 	-67.1026832519	79.8958239835
126.615146809 	-2.95694261932	52.0415304425
126.618422271 	-117.632933452	-34.1091568572
126.638130856 	-99.6939714727	74.1024658306
127.40110916 	-180.450562051	-36.7578509481
128.176770665 	16.0524602556	77.5364232199
129.407214904 	-216.134317362	-21.3273945124
129.727639183 	-60.0656385279	42.4788986725
130.585404714 	-46.9925025299	32.9428664372
131.420492037 	-177.544648561	43.1219859831
131.740773837 	-62.0277241161	40.9957907267
131.984320839 	-245.31541178	-37.4837795807
132.096367333 	-131.159645113	-53.4522929753
133.114858548 	-320.080745143	-14.062809147
134.032420511 	-64.6300156645	43.4413358538
134.481372535 	-136.460897962	-1.03378902572
135.054191285 	-121.470964228	-38.4619629434
135.182784283 	-154.532731253	-35.069825224
135.182784283 	-154.532731253	-35.069825224
135.681224868 	-29.1795893839	53.6039558827
136.485540669 	-134.456362511	-43.9042556669
137.041789498 	-109.01924789	-50.1183399627
137.205654999 	-122.179470484	-39.7375607645
137.321060161 	-24.5405584211	57.6143075724
137.660628904 	-101.365316344	45.947424976
137.836987834 	-35.2762295097	40.792731182
138.893717546 	-126.308601568	-38.8474633192
139.33201981 	-50.4199947884	70.511349605
140.319025521 	-51.3582469069	38.4079794621
140.407347563 	-202.379158943	-24.2302473921
140.892151449 	-124.075498243	-41.5039452187
141.639154408 	-144.458186123	-46.7731067926
141.639154408 	-144.458186123	-46.7731067926
142.075827773 	-28.7635500055	41.1308135789
142.624729832 	-42.4254064599	71.1865766714
142.941434328 	-185.634011519	-9.9476644917
143.203588816 	-135.423316686	1.68494564403
143.203588816 	-135.423316686	1.68494564403
143.23646523 	-37.9328702722	51.470084649
144.250004172 	-178.008423404	25.8616420287
144.290668541 	-63.4684635081	65.5331684165
144.521576256 	-119.828383951	-27.6518706545
144.874273699 	-162.91087492	-14.2909833933
144.925569452 	-180.822743511	-22.1096734701
145.910709526 	-121.201517167	-50.9418606469
147.50451624 	-138.463841085	-38.96767752
147.723148541 	-62.4165919962	36.8283755197
147.981247023 	-45.435312457	65.6726401601
148.867955819 	-150.948017606	-44.9535386053
148.867955819 	-150.948017606	-44.9535386053
149.398105891 	-27.2277932593	77.2373174701
150.518538461 	-127.243515086	-26.9044362371
152.719726367 	-245.270333193	3.66076519357
153.210925225 	-62.7870601991	40.7201424074
154.032075168 	-154.281003907	-53.7655591462
154.032075168 	-154.281003907	-53.7655591462
154.758599794 	-109.679162596	-39.4754827921
155.377922223 	-219.958428221	-7.0471297068
156.325925214 	-140.898249651	43.0418132722
156.335182003 	-131.041409868	-29.1702914954
156.427902898 	-128.297033458	-30.8007621603
156.763950578 	-159.585094953	-53.3350277467
156.763950578 	-159.585094953	-53.3350277467
157.11452617 	-246.395529236	20.8136062213
157.128363879 	-100.186725267	-38.0128816831
157.683078327 	-76.1688603599	50.105307967
157.891649133 	-64.2916702421	37.311348873
160.167647023 	-147.901430669	-52.1948872843
162.31395333 	-149.825326679	-58.7542858306
162.451816395 	-114.701894279	47.8203506853
162.451816395 	-114.701894279	47.8203506853
162.600408398 	-157.597834678	-33.7256314329
162.600408398 	-157.597834678	-33.7256314329
162.747050802 	-120.179927835	-43.1694970206
162.788425526 	-120.1238782	49.9658397343
163.643752866 	-134.787590071	19.5488363375
163.643752866 	-134.787590071	19.5488363375
165.497762268 	-174.436844841	-13.7121547933
167.091133375 	-114.063012176	-45.3569308388
167.683548521 	-127.170512321	54.7260307031
167.771288175 	-215.470509122	10.3044842267
168.409565949 	-142.939378958	24.4544004358
168.409565949 	-142.939378958	24.4544004358
168.476383331 	-117.921463111	-34.21524125
168.756409199 	-130.844901099	28.601960534
168.756409199 	-130.844901099	28.601960534
169.510033243 	-70.8488772064	39.0234658521
170.310743074 	-123.629941529	-23.2587633144
171.185166162 	-186.296401408	-3.92146343813
171.295899688 	-173.769635926	7.70352542666
172.135567849 	-216.71918255	24.4831050355
172.840710231 	-122.772395822	-41.5346265856
174.657077537 	-73.9908655457	39.705876311
174.852295982 	-94.7300997102	54.8316530491
175.791545635 	-80.7723095533	36.0607867309
176.230518864 	-176.903990015	-47.8056810617
176.230518864 	-176.903990015	-47.8056810617
176.52810287 	-232.88099978	8.756918519
176.829329703 	-145.693001421	25.100650299
176.829329703 	-145.693001421	25.100650299
177.758318905 	-115.537666366	-25.7573835219
178.172145613 	-187.038188065	1.69893085831
178.410575181 	-243.283833351	-22.0415182238
178.752283277 	-134.498921762	40.1883343437
178.752283277 	-134.498921762	40.1883343437
178.934584037 	-138.774583199	30.9077384808
178.934584037 	-138.774583199	30.9077384808
181.905750691 	-95.9169488062	63.7409644924
183.143842554 	-112.716453425	-34.4337130309
184.623627551 	-94.2113223627	55.1543824739
185.485962724 	-262.886417902	34.9731279634
185.970525082 	-91.5238816499	58.8165191499
189.608763991 	-130.949929771	-36.5916056941
191.472427394 	-220.757878022	-15.3371928754
193.65176139 	-272.939363106	11.2237696948
194.170518414 	-194.647041868	-28.3773263218
195.385229709 	-233.832493399	-21.2015093723
195.47176425 	-129.162801384	-16.4221180727
196.971263906 	-180.804088102	40.9763019285
198.084799523 	-231.550070515	-23.8150559978
199.545133651 	-94.7374666963	32.7460573274
200.003606742 	-193.902216322	32.0846713976
200.533172219 	-139.013015432	-17.4504520935
200.550269195 	-221.229975649	4.2580869255
201.553764509 	-276.245840016	10.4355099763
202.889902973 	-200.946747885	22.6525701345
203.495112697 	-222.726504966	14.0843519454
204.464297888 	-169.228920054	-0.0564217942146
204.961938459 	-177.604971868	18.9323331388
204.961938459 	-177.604971868	18.9323331388
206.02217364 	-202.572740354	-28.5181678449
209.080975534 	-178.535169642	20.0709518399
209.080975534 	-178.535169642	20.0709518399
210.221495074 	-91.1152320703	26.1984309031
210.656629064 	-200.161857916	14.5436296292
211.791063806 	-127.979896495	-26.6274560541
212.275301253 	-285.404119804	-25.0012083376
212.30026403 	-143.445976702	-27.6860633972
212.431973322 	-174.534574912	-22.6118980047
215.687196526 	-103.525936687	25.043550426
218.573832211 	-127.421309693	-12.92088746
219.995337643 	-192.348076613	16.1172729014
219.995337643 	-192.348076613	16.1172729014
225.285212893 	-250.80182978	7.31157346342
225.715558466 	-229.274503056	21.8852357054
225.751656603 	-118.915093208	30.7615123219
225.777528951 	-204.640001902	-16.2248814413
230.494457535 	-282.097860932	3.87007381804
231.005006274 	-189.208349911	-22.8076417515
231.274462049 	-121.841412626	-3.47909154868
236.043840812 	-172.276047017	33.7307897181
237.917881716 	-108.297221507	22.5375648168
247.881143044 	-134.680306423	9.262977403
254.183662188 	-122.370388133	25.0739443695
270.124171514 	-201.712461025	16.3754527473
270.798636529 	-160.653929587	-29.6378929644
276.611295704 	-174.452197689	-0.90809662225
280.715405919 	-214.811533666	23.0666496612
295.022023679 	-198.691521379	39.806029821
295.044027653 	-163.107347215	-8.57263150988
299.624859749 	-178.879293621	-1.18965415672
311.484326676 	-167.100713198	0.56985950547
313.72114838 	-147.47979535	18.7860215268
321.544344339 	-171.219545381	5.83231036612
